00001000000000000000000000000001
00000011111111111111100000100000
00110111000111010000000000000000
00110111000111000000000000011000
00110111111110100000001111101000
10001111101000000000000000011010
00110111111000010000000000001010
00000011111000010000000000100000
10101111101000000000000000011010
00100011101110110000000000010000
00000011011111111101100000100000
10001111011000100000000000000000
00110111111000110000000000000001
00000011111000110001000000100000
00100011101110110000000000010000
00000011011111111101100000100000
10101111011000100000000000000000
00100011101110110000000000000110
00000011011111111101100000100000
10001111011001000000000000000000
00110111111001010000000000000101
00000011111001010010000000100000
00100011101110110000000000000110
00000011011111111101100000100000
10101111011001000000000000000000
10001111101001100000000000011100
00110111111001110000000000010100
00000011111001110011000000100000
10101111101001100000000000011100
10001111101010000000000000011101
00110111111010010000000000001001
00000011111010010100000000100000
10101111101010000000000000011101
10001111101010100000000000011011
00110111111010110000000000000111
00000011111010110101000000100000
10101111101010100000000000011011
00000011111111111111100000100000
10001111101000000000000000011010
00000011111000000110000000101010
00010011111011000000000010011000
00100011101110110000000000010000
00000011011111111101100000100000
10001111011011010000000000000000
00110111111011100000000000000001
00000001101011100111100000101010
00000001110011010111100000101010
10110101111011110000000000000001
00010011111011110000000000110001
00000011111111111111100000100000
10001111101010100000000000011011
00110111111100000000000000000001
00000001010100001000100000101010
00000010000010101000100000101010
10110110001100010000000000000001
00010011111100010000000001101010
10001111101001100000000000011100
00000011111111110011000000100000
10101111101001100000000000011100
10001111101010000000000000011101
00100011101110110000000000000110
00000011011111111101100000100000
10001111011100100000000000000000
00000011111100100100000000100000
10101111101010000000000000011101
00000011111111111111100000100000
10001111101001100000000000011100
10001111101000000000000000011010
00110111111100110000000000000001
00000000000100111010000000100010
00000000110101001010100000101010
00010011111101010000000001011101
10001111101001100000000000011100
00100011101110110000000000000110
00000011011001101101100000100000
10001111011101100000000000000000
10001111101001100000000000011100
00110111111101110000000000000001
00000000110101110000100000100000
00100011101110110000000000000110
00000011011000011101100000100000
10001111011000100000000000000000
00000011111000101011000000100000
00100011101110110000000000000110
00000011011001101101100000100000
10101111011101100000000000000000
10001111101001100000000000011100
10001111101001100000000000011100
00110111111000110000000000000001
00000000110000110010000000100000
00000011111001000011000000100000
10101111101001100000000000011100
00001000000000000000000001000001
00000011111111111111100000100000
10001111101000000000000000011010
00110111111001010000000000000001
00000000000001010011100000100010
00100011101110110000000000000110
00000011011001111101100000100000
10001111011010010000000000000000
10001111101010000000000000011101
00000011111010000100100000100000
00100011101110110000000000000110
00000011011001111101100000100000
10101111011010010000000000000000
00001000000000000000000010010110
00000011111111111111100000100000
10001111101010100000000000011011
00110111111010110000000000000010
00000001010010110110000000101010
00000001011010100110000000101010
10110101100011000000000000000001
00010011111011000000000010010101
10001111101001100000000000011100
00000011111111110011000000100000
10101111101001100000000000011100
10001111101000000000000000011010
10001111101000000000000000011010
00110111111011010000000000000001
00000000000011010111000000100010
00000011111011100000000000100000
10101111101000000000000000011010
00000011111111111111100000100000
10001111101001100000000000011100
10001111101000000000000000011010
00000000110000000111100000101010
00010011111011110000000010010100
10001111101001100000000000011100
00100011101110110000000000000110
00000011011001101101100000100000
10001111011100000000000000000000
10001111101001100000000000011100
00110111111100010000000000000001
00000000110100011001000000100000
00100011101110110000000000000110
00000011011100101101100000100000
10001111011100110000000000000000
00000011111100111000000000100000
00100011101110110000000000000110
00000011011001101101100000100000
10101111011100000000000000000000
10001111101001100000000000011100
10001111101001100000000000011100
00110111111101000000000000000001
00000000110101001010100000100000
00000011111101010011000000100000
10101111101001100000000000011100
00001000000000000000000001111010
00000011111111111111100000100000
00000011111111111111100000100000
00000011111111111111100000100000
00001000000000000000000000100101
00000011111111111111100000100000
00000011111111111111100000100000
11111111111111111111111111111111
