00001000000000000000000000100100
00000011111111111111100000100000
10101111101111100000000000000011
10001111101000000000000000000000
10001111101000010000000000000001
10001111101000000000000000000000
00110111111110110000001111101000
10101111011000000000000000000000
00110111111110110000001111101000
10001111011110110000000000000000
01111011011111110000000000000000
10001111101000010000000000000001
00110111111110110000001111101000
10101111011000010000000000000000
00110111111110110000001111101000
10001111011110110000000000000000
01111011011111110000000000000000
10001111101000100000000000001000
10001111101000000000000000000000
10001111101000010000000000000001
00000000000000010001100000100000
00000011111000110001000000100000
10101111101000100000000000001000
10001111101000100000000000001000
00110111111110110000001111101000
10101111011000100000000000000000
00110111111110110000001111101000
10001111011110110000000000000000
01111011011111110000000000000000
10001111101000100000000000001000
10001111101110110000000000000010
10101111011000100000000000000010
00001000000000000000000000100001
00000011111111111111100000100000
10001111101111100000000000000011
00000011110111111111100000001000
00000011111111111111100000100000
00110111111111010000000000000000
00110111111111000000000000011000
10001111101001000000000000000110
00110111111001010000000000000101
00000011111001010010000000100000
10101111101001000000000000000110
10001111101001000000000000000110
00110111111110110000001111101000
10101111011001000000000000000000
00110111111110110000001111101000
10001111011110110000000000000000
01111011011111110000000000000000
10001111101001100000000000000111
00110111111001110000000000001010
00000011111001110011000000100000
10101111101001100000000000000111
10001111101001100000000000000111
00110111111110110000001111101000
10101111011001100000000000000000
00110111111110110000001111101000
10001111011110110000000000000000
01111011011111110000000000000000
10001111101010000000000000001000
10001111101001000000000000000110
00110111111110110000001111101000
10101111011001000000000000000000
10001111101001100000000000000111
00110111111110110000001111101000
10101111011001100000000000000001
00110111111110110000001111101000
10001111011110110000000000000001
10101111100110110000000000000001
01111011011111110000000000000000
00110111111110110000001111101000
10001111011110110000000000000000
10101111100110110000000000000010
01111011011111110000000000000000
00000011101111111101100000100000
00100011011110110000000000000000
10101111100110110000000000000011
00100011101111010000000000011001
00100011100111000000000000011001
00001100000000000000000000000001
00100111101111010000000000011001
00100111100111000000000000011001
10001111101010010000000000000010
00000011111010010100000000100000
10101111101010000000000000001000
10001111101010000000000000001000
00110111111110110000001111101000
10101111011010000000000000000000
00110111111110110000001111101000
10001111011110110000000000000000
01111011011111110000000000000000
00001000000000000000000001011100
00000011111111111111100000100000
11111111111111111111111111111111
