00001000000000000000000000010000
00100011100111000000000000000001
00100011100111000000000000000001
10001111101000000000000000000001
10001111101000010000000000000000
10001111101000100000000000000111
10001111101000000000000000000001
10001111101000010000000000000000
00000000000000010001100000100000
00000011111000110001000000100000
10101111101000100000000000000111
10001111101000100000000000000111
10101111101000100000000000000011
00001000000000000000000000001111
00110111111111010000000000000000
00110111111111000000000000000000
10001111101001000000000000000101
00110111111001010000000000001010
00000011111001010010000000100000
10101111101001000000000000000101
10001111101001100000000000000110
00110111111001110000000000000101
00000011111001110011000000100000
10101111101001100000000000000110
10001111101010000000000000000111
10001111101001000000000000000101
10101111100001000000000000000001
00100011100111000000000000000001
10001111101001100000000000000110
10101111100001100000000000000001
00100011100111000000000000000001
00100111100111000000000000000010
10101111101111010000000000000011
10101111101111000000000000000100
00001100000000000000000000000001
10101111100111100000000000000011
00000011111010010100000000100000
10101111101010000000000000000111
10001111101010000000000000000111
10101111100010000000000000000001
00100011100111000000000000000001
00100111100111000000000000000001
10101111101111010000000000000011
10101111101111000000000000000100
00001111111111111111111111111111
10101111100111100000000000000010
10101111101111110000000000000011
00001000000000000000000000110011
11111111111111111111111111111111
